INDEX VOCABULORUM. 111

95.11.140,174, 998,1108. 1. 1518. 1718. 11111111, 11. 99911. 816,418. 1.
11853,645,708. 1441111οὥ01.86.11.60.
nundinis, 11. 855. oritur, iii. 975, 619. 11. lm
αι, 1. 956, 968, 979 11. 19, 158. Min, 0111111111,1101·.11. 990.
1799. mmm, ii. 555. 1. 904. 1111111- οπιωάι, plur. 11. 81.
1111,1.85,171, 180, 577, 617. 1. 885, flunt, 1. 1876.
779, 1588, 1454. etheris, 11. 816. 1. mutu, plur. 1. 694.
115, 555, 551 mah, 11. 551. Ache· mque, 1141.
mutin, 11. 675. « mmm, 1411. 98.
amu. 1155115511 οη.. 5111115515514
«1511111555. m, ,1111100
151,115401.105,1155,1545. 1151, 1105
aban. 1. 554. 554, 505. 110 mmm. onum, 1150. 1115. 1. 111, 501. 111 11
1551, 1061. 1001015111. 41111101. 145, 555, 551. 11. 451 1. 114511οο0,
811009. mundi, 1. 510. 55110,765.111- 1139, ι
malm. 04, 0111,111.195.ἰ1.995.868.11.988. ’
mmmm, 11 61³. 1071111011. v. 515111, 1111015
647. rotarum, 11. 550. exult, iii. 908. 11. 1074, 1178, 1187.
1161511111,1.15.11.099. 1111, 1155, 555, 555, 555, 550554 11.
«ubas, 1. 545. 555111114555, 501, 1045 11. 155.
1111814151511500. 511511 1 511, 555, 551, 111. 111, 150,
015, 1 11511151. 501. 1. 015. 11. 1155.
om, 1. 994. odrngoe, plur. v. 1078.
udi-prima, 11. 51. osteum, 11510.
adine, i. 606, 6781 688. 687. ⁸012 ⁸2⁷2 ostendat, 1591.
1011. 11 150, 511. 88³. 101³· 111511. ostendebat, 155.
757, 870. 11. 58, 66, 571, 578, 971. 1. madae, 2577, ἥ, 1024⁸
186, 419, 481, 678, 751, 755, 1188, mot, 1776,
1055 11015. 5111151,11.150.11505.
«amisos. 000. 1151511111, 1450 551. 11511. 11. 510.
01110, 1688. 11. 488, 498, 768. 111. 681. 1. 55611. 774, 994.
. 1. 65. 01001811, 11. 95.
111, 155, 40. 11505104. 111 405, 551 ostendunt, 1515.
11. 550, 550, 501, 555. 1. 550, 004, mia, 111151151111111, 1115511151,
105, 1151, 1515 115, 11511115, 1101.
1996. ostroque mbenti, 1155.
oegmici, 11. 419. 1. 555. otia, 1. 1586, 1590.
«1111005111155. 01ῃῆ9961800. ·
01115101,11.591.
1181111111, 1. 1409.
erim, 1111. 1. 707. · P
«buti, ⁶41⁵· 1. 665.
origine, 111 551, 111 1. 501, 540, 511. phun, 1150. 11. 005. 11. 550, 1055 1.
αἰρώ, 111. 688. ’ 849. lm, 114, 858. 11. 817, 564, 596,
origo. 11. 151, 555, 10111115. 1. 115, 5111155. din, 1. 041 mamm. 11
515,1011,1550.11151. 51111111, 1. 551. 1111, 1000.
11111115, 150, 005, 505. 11 050 11.,151111111111,1.1155.
150, 055. 1. 155. ptati 11111, 11. 101.
orig n‘ng. 11 51011110111511115. 115051, 1141.
bus. 11.167.10001,11.489,497.111101, pace, 15155115051001. 111. 10511.
11555. planiam„ 55851111111111, 79, 77.

 

