147

sonitu, ’1 111 11 151111, 1101111011.
11001, 1151. 11. 111, 150, 151, 511,
111. omns, 1110

mltum. 11. 85511. 590, 564, 619. vl.
107, 190, 155, 150101.

1001100 1111111599. i7. 694, 1041111,
984, 995. plur. 11. 855. 11. 469, 498. 7.
1077, 1049, 1151 vi. 111, 197, 400,
997, 986. 1101011110, 11. 48.

100011 lepido, i. 645.

10001101, 11. 571, 574.

sonores 10111001, 1. 555.

nonoribus, 11. 1185.

sonus, 11. 597, 858. 11 118, 1891100111.
plur. 11. 588.

sopio, 151. iii. 155. 11. 114.

sopiti in 10111011, 111. 459.

10111101ᾳυί111, 111. 1051. leto, 111. 917.

sopor, 19. 1100111051

sopore, 11. 40, 455, 769.

1011011ιο, iii. 949. ultum, 111. 467.

10111111 10111, 11. 1198.

sordi 11110111, 111969.

1011, iii. 996.

sons, 11 090. iv. 1710.

101111, 11. 1959.

sporgere, 11010 v. 1701. vi. 099.

spargi, 11. 680.

spargit, 11. 195. 1010101,ἰί 145.

spargunt, ii. 976. 11. 619

1110111, plur. ii. 561.

spatiis, ii. 98. 7. 567.

spolio, i. 198, 185, 955. 11. 77, 919, 516,

= 007,1179. 111. 101, 115, iv. 100. 107,
179, 1779, 1790 v. 115. vi. 900, 151,
699.

spurium, 1510, 510, 111, 115, 501, 511,
511, 051, 101, 115, 1001, 10111015,
1105. ii. 91, 107, 1051, 1109. iii. 110,
10111. 199, 707, 101, 151, 501, 1199.

, v. 971, 017. vi. 97, 111, 110, 1009,
1077.

spe, 01546.

speeie, 11. 491, 665. 11. 98. 1. 580.

speciem, 1196, 599. 11489. iii. 915. 11.
49. 77, 135, 151, 150, 115. v. 510,
589, 705, 795, 1560. rerum, 11. 210.

11100111, sing. 1. 10, 149. 1160, 1094,
1056. 111. 95. 11. 606. 11995. 11. 40,
991. plur. 11. 904. iv. 711. v. 95.

specimen, ir. 910. 0187.

,INDEX VOCABULORUM.

1110000110, i7. 1095.
spectare, 119. 111. 55, 561. 7. 956. ·

speculi, iv. 790, 919, 511. 1111016111, 11.

995.

speculis, 17. 96, 508.

speculo, 11. 989, 505, 509, 515.

speculorum, 17. 519. equore, 17. 100,
291.

1111001010, 111. 987. 11. 159, 157, 167, 270.
mmmmm

spelunnn, sing. 11699.

1111100011, 11. 194, 544, 558, 580.

speluncis, '1 549. 11. 557, 684, 949.

spent, 11. 804.

spemn, 111. i. 141.

11111, sing. 7. 47. plur. 1. 999. 11. 1079,
10⁸9 Α

spinosum, 111. 199.

spinis, 11. 59. ,

1111110011 mundi, 11. 499.

spirantes ii. 1011. 11111. 11 1111.

spirantibus, 17. 955. 11497.

11111111, 11. 986.

spiritus sing. 151. 11. 1151, 1111 un.
guenti, 111. 995.

1111111, plur. 11. 444.

spissescere 0011101, 11. 175.

spisso corpore, vi. 196.

splendere, 11. 981. 1. 1957.

splendida, 111111. 11. 107. 11. 151, 595, 446.

splendidus, 11111001011111

splendor adurit, 1155011011, 17. 212. ·

splendore, 11. 961. 991. 011101110011.
1095.

splendorem, 11. 51.

splendoris 1011011, 7. 715.

spoliare, 7. 761.

spoliata nolore, 11. 841.

1110111101 lumine, iv. 578.

spoliis, 11. 60. 7. 959.

spongiam, 11. 699.

1110011101, 11. 1157.

1110111101, 11. 499.

spumantis, iii. 497.

spumas ogit, 111 488.

spumigeri suis, 7. 985.

spurrae, 11. 789.

spurcitia, 7. 48.

spurcities, 11. 977.

spuis, 111186.

squalida, ii. 468. membru, 7. 954.

 

