90 INDEX CRITICUS.

111010 11101110, 111810 498,105.10181.074.1111,1191.11.
81101 et 8101, 111. 848. 11. 684. . 88, 956, 968.
’ flue 1011, 1111011987. flumen etlumen, v. 597, 750
-11111, 11. 949. 11. 706. -110001111 1. 168.
-11111, 11. 989. 11. 809, 487, 881, 1188, flamineus 11 11111111οω1, 1. 999. 11. 889.
11501110 11 000, nm, 110, 001, 1100110101 11071.
1061. . - 11100, 1010111199. 11908.
8111 01, 11. 85. 801111 1111101111, vi. 1100.
800111 0000, 1. 811. 1001 11 11001, 111. 998. 11898, 887.
1111111011 81111100, 1111011 -1101011111, 1011
8110111100889811971. --1100111980

- 11111300, 11888.

101111110τί1, 111. 1075. 11. 974. 1118.

810110118010101991. 111884. 1. 818. 10110111101001, 1554.

111111 11 80101, v. 615.

1111101, 80100,οώ101, 1188.

811111 et 801111, 11. 88.
110111 et 1101110, 1. 997.
nom,

1ξ 99. 1.-1. 899.

111. 10. 4.-11. 888.

11. 9. 51.-11. 558.

1. 98.-111. 809.

111. 9. 5.-111 841.

11. 11. 7.-111. 888.

11. 6. 4041. 9.

111. 11. 18.-11. 78. - ’

111. 99. 9.-11. 818.
11. 17. 9.-11. 881.
111 8. 11.-11. 918.
1. flue-iv. 1091.
1. 18. 7.-11, 1110.
11. 18 14.-11. 1191.
11. 19. 18.-1. 70.
111. 5. 9.-8. 918.
11. 6. 9e-vi. 849.
11. 9. 87μ-81. 488.
111. 91. 10.-11. 1987.
. 1111 enfin, 111 711.
801 11 101, 11. 819, 847.
10110 11110110, 11. 78

1000010010, 11888.
1010011000, 11991958.

, nummarium&
1011118008,οΜ

101101 11 figura 0071101111, 11. 67.
10101111 1001101, 11. 805.

101100118000,111.890.
1011111011, 11680.
10111111101111, 11999.
1001011110ωωὶ807.

01100110000,1718 1. lla 818.

· 11198.

fungo 11 ungo, 111. 771.

· 1111110 11 pruno, 1. 597, 1068.

-— 11 tremo, v. 999, 1068.
frequens 11 nequens, iv. 868.
frigidus 11 frigus, 11. 868.
montium,

11111, 1. 6. 9.-1, 849.
1100101 11 11100101 111958.
frugifero· 11 1013101101, 11 1.
10101 11 10101, 11. 744.
8081111 fugit, 111 1046.
sugunt fugit, 11091.
mato 11 fugito, 1110 11. 1111.
101111 111111, 11. 8911
- 111101, 11. 961.

· 10111111ὼί1111, 11. 918.

011001019001108101. 1101111.
11. 189, 910.

11110011 11 10101101 0811101111 idem 0011111,
11. 997. 11 conmutantur 1111111111, 11.
895.

·-- 11 1010111, 11. 898.

1011111 11 fluxura, 1. 899.

fultus 11 101101, 11. 98.

fulvus 11 101101, 11. 1178.

functus 11 110101, 1. 886.

1008017111οὼ, 1111045.

fundet 11 fungor, 1. 449. 11. 908.

flumen 11 11111010, 1. 990, 1009. 11. 189, flammulam, iii. 898. 1. 1989.

 

