1111111111001111110111114. 67

nult 144, 114 111 414, 444, 441, 444, 441, 444, 411, 414, 444. 144,
444, 411, 441, 444, 414, 444, 444, 141, 144, 114, 144141, 940, 949,
999, 999, 909, 999. 11. lm, 999. 9. 8689161016. iv. 60, 44, lm, 985,
141. 411444 441, 441, 144, 909, 949,1099, 1144

nim, 11. 44144144, 414,441,414, 4. 44, 44, 144, 144, 144, 144, 444.
990, 999, 688, 9121. 199. 111. 999, 11. 1141177, 1147, 1194, 1191.

. 999. . 401111110144104, 11. 769. 1411004, 11. 1049.

0141444411 414, 444, 414, 444. jutus, 111444. 41411144144444, 11

4004048448Μοωώωῆἥὶ 94644040011119110111140418.
444 mmmm , 41414144. -

tummim-,9999 4414111444.1144,44111114,144,

nim, 1 114 111 191,199, 444, 444, 444, 990, 999, 919, 1444, 1441. 14.
444, 414, 441, 444, 444, 444, 441, 414,1141,1144, 1199. 4114111441.
444, 444, 444, 414, 444, 4411444, 41 1991. 4444144111 444. v. 1114.
414114441,444.14.144,444,414, 4411144141 14111444, 444, 414. 4.
444, 444, 441. 4. 444. 41 444, 444 44, 1411444 11 991.

444 exanimo, 11. 1444 111 114, 4114141. .
4414414, 1444111. 444. animos, 1 991. 11 444. 111 44 11144,
mulam, v. 149. 414. v. 41, 1999. 4141. morula, 111
44144144, 11444 419.

. 40114114, 1141144411. 4441111144, fimum, 1. 999, 941. 11. 999, 999, 999,
444, 414, 414, 1144. 14,,114, 444. 4. 444, 1414 111 94,119, 114, 991, 494,
991, 999, 909, 414, 1444 eorpus, 11 ,444, 491, 499, 414. 14. 1, 44, 144, 141,
144. 4144441114.

4114411114, 11 444, 414, 411, 1414. 14. mimum 4144414441 144 111 49,199.
860. 401100100014414, 11. 880. ’

41144411 141, 141, 144 144, 199, 0141441110111444.

919, 4411444, 499, 4011, 640, 570, 40110010 41404 1110411,111141,144.

678, 507, 600, 999, 999, 768, 900. iv. 1111101010 mentemque, 111 140.

990. 41 144. 1441, 1999. agens, 111 441411411414414 41444.

441.11111,1111444 animm 11 1444. 111. 144, 114, 144. 414,
0144411114. 4. 441. 441, 411, 441444, 444, 444, 144,
4414411444,11441.444.111444 141141.14.414,144,444,414,444
nimum, 1. 444, 441. 111414 111144 41411411.

14. 640. 9. 70, 81. minusque, 111. 146, 406.
40110ιο01110, 11. 066111. 418. 11. 681. vi. 400411111. 1091.

114, 444. maenis, 4141114441
4011040414, 11. 061111. 07, 680. 11. 999. mellum, vi. 1067. ·
nimam, 14, 14, 144, 441, 1444. 11 44111 144, 144. v. 441, 414, 144, 1444

77, 879, 919, 999, 1092. 111. 1147, 790. 11. 641414, 716. ¹

9. 499, 441411. nuni 1101104 1. 686.
animuum 144, 141441. 4111114, 1414111 444, 1101. 4. 441.
animm 111 419, 999, 990, 959,-999, 4411444411 114. iii. 1019. 4. 11441441.

4411411. 144, 114. 14. 41. 41 144, 44444, 1 14444. 99, 949.

860. 40004, 1. 618, 601.
4010441400ωο, 91999. annulus, 1. 616. 11. 1006, 1019.

4111014111, 9. 149. anser, iv. 687.

animi. 1 11, 14, 199, 141, 141, 444, anteacta 41144, 1. 444. 444, 1 44411
444. 11 59. 474, 991. 111 19, 44, 44, 444. 414, 11144444144144111481.
49,91, 191, 199,190, 144114, 444, mmm, 91. ⁶⁷2
414 444, 414, 444, 444, 414, 444, 4414441444.

901. 19. 11

 

