11101111 1001001011011. 111·

pum, 1888. 111 757. ponerint, 11111111. 188. 1.158,887,1118,
μὴ’ aqum, 1. 8. 11. 771. 11. 418. 1. 998. 1857, 1885. 11. 887, 1188. ·
11478. 1001011111,11084.111111111111, 111111, 111 878. 11. 1171.
11. 1045. 11111111,1.788.11111,1. 1011111111,ΰ.570.
4881111111, 117801168811111111, 10111,111.884.
11558. 11018110111111, 11477. 110- 1111111111, 111111. 80711787.
8111111, 1. 418.
1111111111101111
111111, 11. 518. 11 1108.
11101111111, 1877.
panni, 111 781. 11. 58.
111111111101011111011, iv. 850.
11118,11“111.11.1885...1111111 1881.
mo, 1110011111110111, 1110. 11110111 1111111011.
1118.

’ 1011111,111111,1.888.11.885,1ω8.111.
mm, 11111 110
10111111, 1. 885. 11. 445. 11 504, 870. 11111111, 1 77, 585. 11. 58, 888. 111. 847,
partuum chunna. 111 114, 110, 111, 111, 111, 110, 111,
pun, m 1111. 11. 01. 111, 111, 110, 111. 11. 11, 101, 111.
pum, 11507. 1.47,811588,878,1047,1808,1841,
11111111, vi. 581. 1870.

11111011, 11. 700. 11. 584. 1. 88, 875, 1011111111, 11587.1.1878.11.84.
. 10111101,1111088.

1001111100, 11. 17.

· 11111, 1111. 11 111, 1011. 111111, 111, .

1011 iv. 011, 101, 11111. 1, 111,

’ 718, 878.
1101111101ῳο, 111781.
10111111, 1. 879.

mn, 1111. 1111, 111, 101. 11100, a& 116110.

1ω7,1017, 1080. 111110111111101811, 11858.
1111111111 principiorum, 11848. potitus secptra, 1111051.
potiturum, 111011. 1. 880. potiundi, iv. 1088.
podwin, 111711. 11. 885. 10111111, 1887.
1011101,11.1085,1808. prebebat, v. 815, 888.
1111111111, 1. 807. pubem. 1870.
pandit, 1111. 11. 1101 11. 1011. prebent, iv. 111,110
prebere, 1445. 11. 85, 587. 111 1101. 1.
185.
prabet, ii. 885. 11. 877, 418. 1. 585. 11.
888.
1101111111, 11. 180.
praecepimus, 11. 807.
11001111, 11. 1048.
, . ’ 1100111, 11187.
10111, 1. 1058. 111 870 11. 885. praecepta, 111. 10.
, W 11111. iii. 1088. 111111.111. 880. praemit, 11. 858.
posterior, 11. 750. 1. 141711. 1048. 1100180111, 111. 878.
maioribus, 1. 888. precipere, 1. 5741

 

