71191111 797177197717. 79

171771,1.677.

mmmmm

malumst-{mmmm .
77719,ι.95017.6.71.119. 77719711, 71661

m. 71157. 7717, 17. 795 7. 1564.
77117117,7ι.114. 7777111,17.845.7.111797.
77811ιῖ8599. 777771ιί7. 569.

Mm' ιιι. 1017. 7. 764. 71618860. 7711771771 17. 655.
ndum 71177. articulatim, 17. 559.
ardwit, 17. 1085. mimus, 111. 697.
ιιιιιωςι79ιι17797979οι υωιιιιισι.ιιι,979.744 17179.
771177, 17. 1199. 7. 1075.
mh, 2651, 669, 779. 11919. 111961, 777117, 11967, 971, 989, 689, 710, 948,
990,478.ι7.1070, 1909. 7. m, 565, 965111. 150, 159, 157, 984 ,545999
797, 999, 994, 1099, 1099, 1771. ιι 777, 794, 799, 499, 459, 499, 491,
988, 678. 898, 689, 586,688,708, 701, 710, 791,
7711α7, 7. 998,1949. 716901 787 748, 758 768, 9869593 17. 118,
namus· 11. 911. ιι. 1991. ιι 7911 6³3, ⁸42. 8⁶⁵. 777, 777, 914, 914,
αὐαιδυι, 7. 606, 660. · 948, 1089, 1056, 1908. 7. 849, 896.
κιαι, 17177, 797, 991. ιι. 10991109 11599, 977 991,797,947,1177,1194
71180. 1904.
edua, 1660. 7777, ii. 911, 115517. 11007. 779, 969.
ficit 777, msam, 71. 969. 7771, 7. 907.
m, ιι 799, 774. · 1771171711 1191111. 7777179799.
mam. 1177971777. 791977.
urgenti, 7.1941,1965.71.808.77771111777,7.1500,
urgento. 11. 97, 696. 7196871. 9901 7797ιά171177, 11. 468.
ascendit, 11. 157.
ascensus, 7. 494.
aspecturi, iii. 76.
aspectu, ι. 66. 71. 780.
aspectuque, 199.
nida, 17197971. numm, ιι. 797. uper, 111194. ι.74
ιιίὼ 115777, ii. 880. upon, ii. 494. 71. 1148. plur. ιι. 404, 470,
aridior, ιι 149. 1117977. 147, 977, 999. ιι 177, 7771
nidus. 1. 809, 866. 17. 879. 7. 740. 7971117, primordi* ιι. 476.
71. 118. aspergine, ιι. 594.
m, 7.1076,1989,1448. , , aspergit, 1790.
m ιι. 699. aspergunt, iii. 90.
171771, 11656, 669. superium, 17. 559. 71. 459.
17177117, 77971.7.1991,1510. asperius, iv. 555.
7717711177, 7. 19961500. asperitate, iv. 555, 680.
’ amenta, 1. 164. ιι. 990. 17. 1190. 7. 999. umidum, iv. 979.
mutius, 71. 1950. assidue, adv. ii. 591. iv. 1199 7. 981,986.
emim, 174 ιι 460, 1151, 1159. ¹
717117. me. ιι 47, 649 ι. 71, 777, 1706, assiduis, ι. 777, 717.
1548. assiduo, 1. 994 ii. 9617. 106, 896.
mmm, 11, 43, uiduus, 7. 906.
7777771, 17. 554. 77777117ιῆ '1911231

 

