INDEX VOCABULORUM. ·

7717171,11.185.

65':v

certaminis, 1. 585.

ahi, 11177 111777 11. 177, 711, 777 7717111, 111 7.

ι1507. 11795595, 555. ntimo, 111.
17711. 144, 777.

77117117, 11. 956

mmm, iv. 459.

7711777, 1979.

emm, 11. 194.

Centauri. 11. 40911. 745. 1. 876

0771711177, 11. 756. 1. 889.
amvi. 1911.

0717711. 1161. 1. 14, 741.

7717711177, 11. 808.

77111771, 11. 99511. 164.

7711771747.111714.11 177.

7711711771, v. 1177, 1774, 1777

77177871, 11 77.

mendi, iii. 410. 11. 959. ,

7711177177, 11. 645.

· 77111717,1. 155, 509, 578, 601,759, 1065.
ii. 4, 139, 747, 771, 714, 717, 777,
886, 856. 111. 560, 564, 570, 571, 1061.
11. 174, 777, 747, 477, 777, 714, 777,
764, 771, 809, 807, 915, 965, 978,
777, 1771 v. 74, 774, 777. 11, 177,
406, 955. ’

cemes, 111. 660. 1. 107.

771117777477, 777, 717.

mimus. 1 777, 747. 11 77, 777, 777,
774. iii. 777, 477, 717, 777. iv. 177.
554, 7901 1. 745, 578, 586. 11. 169,
471, 777. ἢ

77111171 91411. 909, 915, 455, 555, 751.
111 170, 456. 1. 507, 958.

cernit, 11770.

7711111111, 111. 107. 11. 955, 976, 556, 557.
1. 587.

7777711747, 777, 771.

munau, 11. 901. 1. 86. 11. 001

17171577.

certabant, 11. 1775.

7711711711,1. 785.

7771717177 117111, 1. 476 11. 61. 1995.
pugne, 11. 841.

7711771177, 11. 117, 575. ’1.595.

Vot- 111.

771171, v. 774, 1771. 11 777.

7711711177, 1. 1195. 11. 1946.

7711711117, 11. 118.

7711117,1111.11177711.1177.

771177,11. 1085.

certe, 111. 1091. 11. 1068.

7716771111ῃί.676.

777171,111777,777 v. 1771771777.

77171, 11115. 111. 751. plur. vi. 765.

7711177,1. 56. 11. 744.

77111777, 11. 801.

771117, 111. 749.

7711711171, 111 500. 11. 995.

7111177111. 5071. 861.

7711117, 111. 614.

ω177111111, 11. 1957.

7777711717, 11. 80.

77777111, ii. 1141. 11. 157, 9991. 69911..
997.

7777717, 1. 787. 11. 79. 11. 599.

777777, 111. 1061.

⁸ 777771, 1. 980.

771771, 11. 595.

777711, 111. 919, 994.
0171871717777.
mm usa, iv. 1064.
chartarum, vi. 111.
71111117, vi. 113.

chartis, iii. 10. 11. 968.
charybdis, 1. 795.

chia, iv. 1195.

chimera, 1. 905.
011117717711. 704.
chordarum, 11. 588.
7117171417,11.41911. 979. .
chordis, 11. 504.

chorea, ii. 655.
7111711171,1. 1095.

71171117, 11 1195.
71117777, 1777, 1777.
711117, 11. 710.

71117, i. 195, 105711. 771.
7111771. 869.

esuum, 111. 1004. 11. 691, 649, 857, 959.

. v. 714, 7471171.

dhus, 1. 771, 777, 7117777777 111174,
1177, 1147, 1147, 1147, 17117717,
741, 777, 777, 1774. 7711711947. .

7177771,11. 56. 1. 801.

 

