INDEX VOCABULORUM. 61

mmmmm. ' 871871790, 1105. ’
m, 7 888, 777, 788, 885, ’7888 171·
, 885, 887, 487, 487, 548 17817778, · . ,
588, 588, 575, 888, 787, 888. 7. 878, Β
588, 585, 548, 758, 784, 877. 78 774, ·
788, 788, 588, 878, 848, 888. 887, 7477787747, 77. 7888 7. 788
1019, 1197. 8514, 11 905. 111 457, 669, hm, 771717. 7. 569. .
5907 751. 17. 697. 7118188, 117. 406. 71 188817888881784118 7887761771, 7. 899.
199581188871990. · 11877171,11655.111.999. , ·
8777843778, 7. 950, 808, 1085. ’ balantibus, vi. 1150.
mmmm 78871877. 7777777, 17. 888.
m, ii. 7755. 71 84, 587. 77. 78, 78 7. 74177, 77. 7757.
’ 58, 488, 888. 77775, 7. 7887.
mm, 745, 478, 848 77. 7888. 77 757, Baraba, 777 857.
· 548, 888. 77. 888, 488, 774 887, 548, barathrum, 777 878. 77. 885
587, 578, 578, 887, 877, 887, 878, 77777, 77 845.
7855. 7. 7855, 7588. 77 778, 784, 788, bubum, 7. 878.
777, 888, 7788. ’ 17717874. 17547
num, 71, 204, ’ 111717881ω, 11. ⁴99.
7777, 7485. 7. 788571888 mar. mnu, 0³⁷·

787. ’ 7777737777, 7. 888. 77. 878.
mribus 11. 51017. 980. 7. 101. 71 165. nubatur, 7. 1070.

087187187887,17.598.1778714,7.166.
48747888. 77. 788, 887. 7. 477, 478, 7178786875.
548, 845. 71 110, 507, 889. levibus, 178118,1644.

915. 7117177118, 711576. 871118814, 111, 1611147616111846. 7.1996,1998,
847.1509,1506.

, 87761197, 50.· 77. 1190719611, 1497 117111ωω7878,155.7. 1507

711076. bellifulmen,·· 11i. 1047.
turon, ii. 145, 578. 178111 mun, 771454.
aum, 17. 549. belli 11778184, 7. 1988.
nummu, iv. 715. 7. 656. belli simulacra, ii. 49, 594.
mm, 77 888. 7. 7778, 7848, 7878, 771177. 588. 7757877777. 7785.
7874, 7488 77 888, 557, 848, 888, belloque 14667· ¹⁴2³·
989,1056,1076. 17811118· 77. 145.
8841177,1ἰ.178.7.197. bellum, 1. 457. 17. 966. 7. 597, 595,
ausis, ii. 981. 17. 511. 7. 799. 71. 411. 1244·
8114187, 7. 744. 1811831888, 7. 706.
Austri, iv. 1859097. 688. 17117818, 17. 1090.
Amin, 1. 898. bibulam, ii. 576.
Λ778188, 71 791. bidenti, 7. 909.
mm, 168. bijugo, 771998.
autumni, 71571. 1711773878, 71999.
8711778788, 1. 176. 71556. bijugos, 11601.
autumnus, 7. 749. bilis 77. 668.
8777178,”’ 77. 957 1717781. 554. 17. 451, 459, 455, 464. v.
177.
1717718, 17. 999.
17188, 7877.
binos, 7. 7888.

774, 77.878,4787.7888 ‚

 

