52

161111ΰο1111, 11 215.
11611151 411. 11111, 111.
adsistens. 11559.

dmm, 111. 896.

advenerit, iii. 783.

16110111ῃί1. 671. 11. 233.

«1111111111837.

1611111111, 11165,1103.

1111111111. 45111. 98511. 1135.

adventumque, 17.

dvcta, 1. 665. 11. 524, 1132.

1111111111, 111. 56. 11 116, 725.

11111111111 101311. 113111. 719.

1611111111, 11. 425.

«ivam iii 41, 11111. 111

advertere, ii. 124.

advertunt, 111 54.

adulant, 1. 1069.

1611111, 11. 1032. 1. 798.

1111111, ii. 1111.

&umbratim iv. 364.

adultum, 11 1150.

1111011111. 111.

1610111111, 1. 1318.

adurit, 11. 330.

adyto. 1138.

ada, 11. 94, 110011. 453.

aarum, 111107511. 274, 506. 1.1070.
11 223.

adimentes. 11. 273.

ager, iii. 1095. ,

AEgii, vi. 584.

5130011061, 1. 614.

agre, 11. 101. iii. 11111. 1140 vi. 1111.

emimus, v. 350.

egrescit, 111. 520.

agri, 111. 111. v. 111 111 111. anovi,
111. 844.

13111111.918,946.111, 1150

11111, ul oegret. 111 836.

egrius, iv. 469.

epos, 111511. 11. 1130

agros, 11. 579. 11. 1957.

11310111, 11. 1117.

· agrum, 111. 107, 509.

INDEX VOCABULORUM.

1111111111, 1111.
AEgypto, vi. 1105,1113.

AEgypmm, 11 111
mula, i. 297.

1111016011, 1. 1.
11011101111011. 11101, 1114.
1101111111, 11. 1175.

’ 11. 428.
ᾙ11011111211683.

aqum), 1011. 1. 689.

, nque, i. 365, 616, 849, 107611. W,

411. 111. 66911. 759, 1237.

aquis, 11 111. v. 1141.

ex 1111111854. 111. 126. 11. 1257.

aquo 111110, i. 45. 111 952, 975. 1. 1118.
0111111111. 11. 573. 1. 393.

aquo clementius, 111 314. longius, 11.
5611101111, 111. 965.

1111101, 1719115711. 607, 892. cm·
fflhwffi

11111011, ii. l, 765. 1. 267, 389, 999,
1111. ponti, 11 11111. iv. 411. vt
439, 624. mundi, 11 107.

equore, iii. 785. 11. 621. pond. 11. 780
11628.11110,111.492. 11291168.

aquom 1111, 111. 905.

aqum speculorum, 11. 106, 291.

equoris, 11. 221. 1. 375.

equos flexus, 11. 524.

aquum, 111512. 1. 227, 1022, 1088.

111, 1. 386, 393, 396, 668, 776, 996. 11.
mmmmme
111. 11. 1111111111, 1111141110,
100, 111110, 111, 111. v. 411, 411,
525, 563, 606, 656, 695. 11. 366, 684,
111, 1011. 1014, 1011, 1011, 1015,
1011, 1111, 1111.

nh, 1114, 115, 111, 111 it 110. 111
111 11. 111141, 111, 1111111119,
111, 101. v. 274, 111, 111, 104. vt
249, 831, 1ω1, 1033, 1140.

111111111111106111111111111145.
11111111,1.58(1

111, 11. 450, 636. 11. 228.

1611, 11939. 111. 603,444,307,993.11.
111. 110 v. 115, 111. 11. 101, 141,
441, 1111

111, ii. 111, 111. v. 111111. 1041

11110111, 11. 1076.

vivia, 1. 121. 813.
1111111111.11151.1.101.

 

