INDEX VOCABULORUM. 78

8001101881188111118, 88111888. 10081011, 10118. 11 881, 881, 888,
monim, iv. 1081. ι. 1888 111888. 888, 1008. 111. 188, 888, 180, 818. 11.
conveniente, 1. 1088111111, 8111 1448 814,111,800. 1880, 10081881. 11.

convenienti pede, 11188. 810, 814, 888, 1888.
convenirent, 11. 18. 8011’1188,111086.
8811181111, 11 589. 11156, 456, 465, 685. 80118818, v. 1001.

11. 148. v. 818, 881, 888, 888, 888. 0011141811. 1088.
wormundo, 11. 991. 11479. 8811111, 1. 15. 111. 9951. 789, 869.
conveniunt, ii. 686. 11. 897. 86 888818, corde, ii. 969. 1.880,1106,1455.11.5,

1111810811. ¹ . ’ 1881.
8811181118, 1. 450. cordi, iv. 51, 784, 1151. 11. 14.
8811181118, 1. 619. 8811111, 1. 758111. 117. 11. 118.
8881881111, 11111811. 785. 80118, 11 967, 969. ν
88818118,11.48. 88110, 11. 955.
8881818881, 11. 1059. comibus, 1. 1594.

cornicor, vi. 759.
. . 8818188111,1. 1085.

8011811118,111088.11.888, 1881. 1685, cornigeras, 11888.

704, 1516, 1491. cornigeri 88111, 111. 751.
88018111, 11. 445. 801110, 11. 588.
8881811181, 1. 796. 11. 518. cornua, ii. 6191116141. 1055.
8811181111, 11. 511. 11. 645. 80101118, 1. 1598.
“ 8881816181,11.990.1.815. 8818811881811,11.606.
8881818101,·1679. corono, iv. 1195.
8881811118, 11. 147. eoronam, 1 119, 998. 11. 4. 11. 94.
8881180818, 111 594. 11. 499, 768. 1. 797. coronat, ii. 801. .
8811111181, 1. 177. coronio, iii. 996.
8811118888, 11. 557. 88111818 ingentio, ii. 1151.
8011118818, 1. 146. corpora 1811188118, 1169, 548.
convisunt, 1. 777. corporo 1111111118, 11. 116.
88111118, 111. 951. 88118185810118, 11467.
88811118,11.785,1194. , 881181818111111, 11677.
“ 88818181,111.544. 88111018, 1591, 885111. 79511. 897.
8001011881, 11. 900. 88110188, i. 505, 550. 111. 168.
cooperiant, 11. 490. ω111018881,11.90,186. iii. 165, 17611,

599, 544.
, . . 8011101818,111111.11.888.

coena, sing. ii. 808. iii. 881. 11. 118, 888, eorporis, 1801, 801.

6681. 415,·457. 11. 195, 959, 457, eorpus, i. 599.

484, 810, 818, 841, 10881100. 111888. corpuscula, ii. 188, 88811. 188, 887. 11.

1ι.888.ι.888,408,180, 18188811 1081.

1011,1094, 1098. correptus, iii. 958.

morta, 1198. corripere, 111164815180111111818.
88811118, 111. 151. 101911. 656, 956. oorripiunt, 1. 995.
mortis, 11558, oorripuisoe, 1. 948.
coorto, i, 899, corrumpas, iii. 411.
mortu, 11671, corrumpat, 111199.
mortun 80111, 11. 1108. corrumpier, 11 1⁷·
8801111111, 1101118111. 1. 1000. corrupti, 111509·
ωοηιιι, 181811. 1184 coner, iv. 48.
eopia, 1418, 675, 758, 875, 989, 985, 801111811958.

Voo IV. -K

 

