158

188881181111811111814411811,
144, 188.

mm2m‚³55‚491.12mm
111. 181 11. 111, 111, 111, 111, 111,

1811111111, 1111. 1. 881, 1881.
18881811, 1111, 1118, 1488 11 111, ,

951.

1881118, 11 18111811811181811,
1848,1811,1881.11φ8111,11141
188118888118811111118,1.755.818, 11450.

18811818ήῆ114.
188118181188181050.
18818,111.495.1.11154,1069111.1146.

1818118, 111. 78511. 88, 589.

18188118, 11 9111891. 61587111014
v. 114, 1118 11 11, 188, 118, 418,
811, 141, 181.

1818818111 8818818, 11. 1089.

181111,1111,1881.11.148 111814

18181881, 11. 845. 11. 485.

18181, 11.597,555

1818618181881, ι. 969.

181888111, 1. 1946.

INDEX voeAnnLomm.

1811, 18. 516, 775. ·

18118,11. 1916. “

vom, 1111118111.

18181111, 11. 684.

..1., 111 411, 181 11. 1111. 181811
11. 1189.

181181 88 888188, 11. 679.

18118181, 1. 976.

volubilibus figuris, iii. 191.

volubili· 8188818118, 11. 454.

1818888, 111181. 11. 144. 111. 895, 997,
1006.”11.1(Χ11,1990. 15979981,
1811. min, 1 11811 141

1818811, 11095.111111188,11.179. ·

18188118, 81111. 904.

18118881 81818111, 11., 1159. .

volvenda, 8,. ,811 11118 888 1.
1975. plur. 61818, 1. 515.

1811881818, 11. 580.

1811811188 1811188, 11. 590.

18118118, 11. 544. 188118, 1. 999.

181188881818, 1155,75,540. mvl·
1996.

1811818111, 1. 1546. .

1818818111, 1. 1119.

volui, 11111. 111, 1181,

> volvier, 1. 715.

181111,“ 18 691. 81118, 11. 987.
18111181,“’ 111. 1015. 11571, 595.

18188188· 11. 957, 961, 976111. 44,175.

“ 11. 881, 989, 1059. 11588.

1811818168117588181111111 8498.
&mmmmm
18181818181064.

181311838 111818, 1. 950.

volgo, 811. i. 959. 11. 915, 557, 795. 111.
967. 11. 75, 86, 587, 704. 11. 591.

18138111 animantum, 11. 919.

18191819441890.

’ 1οι11111,11·111111.81,88

, 18111886888 81181118, 1860.

voum, ’1 151. 11 1181141111.

18111881, 11. 1054 111. 55. 11. 98.

18111818,11.1065.1.996,1196,1509.11-
18, 1116511418, v. 1989.

18111818,1.55.1811811,111.661.111115
118188, 1. 1590. 11811118,11411.

1818811818, 1. 1555.

18111118, 11.1144, 1049. 8181111118, 11. 658.

111μ,” 111. 749. 1. 861.

1818111818 8811111, 11. 970.

181811181118 1188118111, 11. 789.

18188188, 1. 1, 141. 11. 5, 958, 965. 111.
11, 111, 1814 11. 181, 181, 1888,
18141811, 11141181, 1118 1. 118,
145911. 95. 618, 11.179. -

1818818118, 11. 967. liquidnm. 111. 40. 11.
150.

1811181868, 11. 1107.

1811118111, 111. 941.

1811111181. 599, 645.

1811181118 1118, 11. 898.

vomer, i. 515.

vomere, 1181181. 9191. 911.

vomeris, 11. 1966.

181188,11.188,1059.

vortex, 11976. 1111811811. 997. 181111, 11.
445.

18688888818861901. 811811998.

181, 11. 556, 558, 566, 569, mmm

 

