08 ,ΙΝΠΕΧ VOCABULORUM.

00110,1.77011588.111.888.11.1048.1. 00001111, 1888. 11. 884. 11. 875, 780.

101, 116, 664.

001108, 1. 487.

edo, 11. 845, 885.
00101111, 1. 188.

001101, 11. 110.

0011101, 11. 1858
0010111111, 1. 855.
0011111101, 1. 1458.
00110110, v. 1888.
00100101, 1. 88.

0010101. 1144, 1148.
ω1111, 11011. 11. 880, 588.
eolles, 111111 1. 888. 1. 788.
00111, gerit. 11. 854. ·
oeni, 11. 517, 588.
oollibue, 11. 588. 1. 1578.
colligere, i. 784.
001100010011. 808
0011010, 11. 801.11. 1185.
00101, 11. 888.

001010, 11 5001 11. 788.
colorem, 11. 881.

0010101, 11. 794.

0010101 00111 0110, 11. 814.
0010111101, 11. 880. v. 758.
0010111, 11. 758, 817. 11. 88, 1087.
0101, 11. 807.

00100111, 111. 758. ,
0010011100,11. 800.
0010001, 11. 485, 458.
00100011, 11. 408.
columnis, 11. 489.
001011, 11. 1817.
0001101001, 11. 158.
mirentur, 11 889.
0011111111, ἰ. 98.
0000011111101. 11. 111.
00001000000, 1. 401.
100οο1001110, 11 804.
mmmmmo 1. 126·
commendarunt, 1. 1080.
0000001110,1.858. “
eommieeendo, iv. 1808.
0001011001, 11. 1851.
00001101,1.504
0000110011, 11. 875. .
committere, 1. 1584.

11 104, 111, 1111.

1000110,116οί1·1114. ·

0000011,11111.111.8,848. 1110881111.
1111011. 114711. 18.

moliri. 11141,οι

eommorunt, 11. 785.

0000011, 111. 1551

0001110111, 111. 147. 11.· 888, 750, 884,
001, roeo. 11. 1111.

0001010111, 1. 1454. 11. 187.

0001110111, 1. 44.

001000110οι1, 11. 871.

amnem. 11111100101101011.
1. 1105.

00000011, 1. 584. 11. 855.

0010100111, 1. 889, 1875.
0000011010, 1. 785.

0000081101, 1. 588.

0010111011, 11. 1088.

compagibus, 11. 1108, 1188. 11. 1014.
comper, 11. 1848.

comparebat, 11. 1818.

000011ῃί1. 787.

00001100, 111. 887.

complent, 1. 585.

0000101110, 11 845.

comptem. ii. 584. 11. 1011, 1848. 1. 1085.
0000111101, 11. 1878.

compleret, 11. 1148.

00001010, 11 588.

001001011ος1. 585.

complerentur, 11. 1888.

compleri, 1110

complerunt, 11. 188.

0010010110, 11. 178. 11. 851.

’ 0601111, ir 110. 11. 111. v. 111.

0000101001, 1. 1181.
0001010111, 11. 15511. 1188. 1. 880.
00001110, 11. 1085. v. 471.
0001100010, 11. 884.
compon'tum, iv. 888.
comprendere, 11. 1081.
comprendunt, vi. 455.
compre-e, vi. 455. “
1101011101 149. iv. 11.
compte, iii. 880.

oompou, 111. 857.

00001111, 1. 88.
oompongere, ii. 488.

 

