1111911 105151155111.

15111,ι.565111.7711670 845

. 11511115551155.

11111511. 15911. 555

florenti, 1. 1075.

6111118, 11. 459. 11. 558.
florentibus, iii. 9101
1111151119, 1. 195.

611171, 19561910.
611151, 1151111. 8, 997.11. 5.

615115,11.55,698.11.1197,1171.1.
15951599.

15111151, 1995. v. 11, 1579. ιι. 795.

fluctifrago, 1506.

auem, 1ι 555155, 1551, 1571.

haunt, 111. 19011. 1070.

fluenta n'e'r, 11 566.

6151119, sing. odorum, iv. 679. plur. 11.
755. τι 515, 595. plangente, ιι. 1151.
inam, 11199911. 75115111, v. 1959.
mmm, 11 55. 5511111115, 11. 141.

111161, 11. 998.

mdo, 11. 1158.

fluens 61111115, 11. 670.

6111111, 1. 947.

6151151, 11. 99611519, 951.

fluenta, 1. 976.

611611, 11. 596.

611115, 11. 459

fluit, iv. 961.

fluitans, ι 7191111055.

11115111, ιι. 555.

fluitare, ιι. 151511. 75.

flumen, 1999. 11. 554. 11. 495, 1018. 11.
956.

flumin 1595951559 1155915111.
11155. v. 957, 959, 115, 959. 11. 955,
559, 515, 15591119.

111111195511559555111911595.
11. 790

87

6111111515, 11. 959111. 69511. 145.
fluminis, 1. 1000. iv. 1050.

flunt, ιιι. 1911

fluvida, ii. 465.

6111111111, 11. 465.

611111, plur. 11. 874. 1. 464, 945.
6111115, 11. 99011. 475, 995.

611155, 1. 18. 1. 517. 11. 550, 1170.

fluvium, 11717.

61111115, 11. 674.

6111115111, 1. 981.

fluxisse, 1. 910.

fluxum, 11. 19.

1115116111, 11. 555.

1151111615, nom. 1. 919. 1. 911.

11161, 5111911451.

sedan, 11. 519. ’

11111511, 111. 49.

11165, adv. 1. 65, 8611. 1701. 1995.

116511, 1. 1094, 11541111, 11. 954. 11111·
111 ι 557. 11. 559. natum, v. 511.
pacta, iii. 789.

1116515, 111. 417. 1. 58, 999, 1449. 11.
906.

11165, nom. ii. 401.

1161111115, 1. 1549.

foedus, 11890.

11111111, 11. 817, 1905, 1975. 1. 811, 851.

foetida, iv. 1155.

11111 term, ii. 995.

111111, i. 954. 1. 779.

foemm, 11555.

15159, 1191, 911), 559, 1559. ιι 1155,
1165. 111. 1019. vi. 1.

’151115,1.970,1599. Ι

1511151159, 1. 801.

fons, v. 959, 559 ιι 515, 575, 519, 557,
890.

15111,11.1156.11. 905.

15111511,111.89.11.1018.1..597 11850,
869, 867, 885, 895.

151115, 1951, 996. 11590. 11. 9. 1. 969.
n. 515, 595,

151151111511545.

1511111111, i. 415.

foramina, ii. 555597. ιιι 557. 11. 551,
555, 555, 595, 551, 599, 955. v. 155,
159. 11. 591, 951, 1595.

15111111111115, 11. 66011548.

foras, iv. 900, 958.

15155, 11. 977.

 

