INDEX VOCABULORUM.¹

11414444.
14., 4404. 44 404, 1044.

hbent, 41383.
Q 41. 1819.

101

144ὼ4υ,140918.508.41.780.
14140414, nom-vim
1444111414305.
144444411181814983.

hagam-1, ..1144 414444,1410,1444 hunt. 14. 101.

mmmm
mmmm
4440044440
mummi-¹197.

44444444,414404,1044. 44. 044 4.

44444400444444144004.

haim-¹, 44 4444.

hagino, 4. 414, 001.
144144, 44 1000, 1040, 40441044.

14144441, 111. 108.

144444, 41383.

lam-mim, 41. 838.

blm, 444114.11.1048.41.116.4441.1.891,
894

1444414, 14. 313.

4444, 44444444 444, 441. 44. 044.

latim, 404014444010004. 44.

latim, 4 414, 400 414 404 4. 004. 41.
1070.

1441414, 18881165841868.

meum, 14.400,1004.

14414414 44440114, 1. 138.

141104 m, ii. 1133.

mundi, 4444

1441444114, 1. 643.

latim, 1. 877, 889.

14444444, 4.1085.

4140444444, 4444414. mv. 4104 lum, 4414.

44 400, 414, 010, 1004, 1044

1411140014, 14. 318.

hvide, 11. 888. 14. 417. 4. 301, 1883. 41. 14440414, 41. 799.

404, 104
4444144, 4404410444.
huillum, iii. 199.

4440400444. 41444 101, 404, 4044.

ῆι,14.145,.801
mimium.

lugu. 4 444 14 4144.
8430448414. 8981044, 4. 888.
hein, sing. ί. 861.

heim, 41399.

lui, 111444.41.1840.

luorum, 41. 1843.

144104, 14. 955.

lm, 1411441. 385. 41. 187.

410, 440, 004. 44 440, 444. 040, 044.

14140444, v. 159.
huda, 44 1400.
1414114, 41. 18, 94.
huda, 4444. 4. 3.
laudibus, 4. 1879.
hudin, i. 988 111. 46.
144444, 4, 948.

14414, ii. 476.
1404140ωο4, 41. 151.
lauro, 1740. 4. 113.
1441404, 41153.
144444, 41. 1069.
141, piar. 4. 1317.

, .
legen, iv. 964. 4. 59, 1141, 1447. 418
legibus, 11. 718. 4. 957, 1143, 1148.
legiones, 11. 40, 383.

legionibus, 1470. 111. 1043. v. 1887.
lene, vi. 1168.

4444, 444. 1404444444, 440, 404, 444, 4441, 14. 1004

umam

 

