INDEX vocAnnLosstm.

1179,147.1199,1999 11191. 7979771771.. 1799 7. 991.
..7.976.7ἰ.58,950,409. 9779779179199 ,

ii. 15, 55, 55, 57, 745, 797. iii tergemini (19179911, 7. 25.

99, 99 17999, 9999971949 777777, 71119

179, 779. 7199, 97, 997. 77797, 11 97. 17. 199. 7. 1919 71 1994.
, iii 979. 71 999 777771, 71 999.

11719. vi. 89. terimus lapidem, 1884.

1. 586. teritur, iv. 1190.

11999. 7. 999, 1977. 7777717777, 1 999, 7911.

, v. 999. 71999 minus, 1 79, 997. 1111999 7. 91. 71.
, 1999. 11999971. 71999 99. 71777, 111999.

mor. ’1 809. 77777, 1 199, 199, 999, 719, 777, 799.
777711 991. 799,9ο4,999,999,7997,1991,1ω4,
1199, 999, 991. 7999. 11 999, 808. 661. 888. ⁹⁶⁹·
77111799. 9991119. 111174, 944, 949, 99417.
1 947. 11 7, 999, 999, 979 111 977, 979, 799, 997. 7. 49, 999, 991,
17. 95, 584, 970, 1900. 7. 515, 990, 495, 474, 481, 555, 558, 761,
7991197, 1911. 711111. 799, 794, 79,· 999, 999, 914, 990,
&mm &mammmm

1161840. 7978 999, 949, 999, 999, 994, 971, 979,
7777717911 997. 779, 999, 919, 947, 944, 949, 991,
verb. i. 1080. 11 406, 446, 717. 999, 994, 999, 1099. 1119197, 11. 998.
17. 17999949. 7149111089 17 7777111098.

71799. 777971791779111199. 111171, 979,
,999, 1999. 11 919, 19991179. 1040, ,, 77, 2⁴5, 979, 499, 499, 779,

19, 1088, 1097. iv. 1087. 7. 890. 809, 999, 999, 1949, 7994, 11188,
32 1994. 71999, 999, 991999 7717, ii.
. ii. 958. 111. 524, 851. 17. 887. 599, plur. ii. 1108.

ι, 17. 555. 7. 909. 797771, 1979. 11 1999. 7. 919, 999, 999,
9119, 71 1195. 77799999, 11. 618 499, 4501 71 994 559, 579, 597, 552.
111, 7. 1567. 909. orbem, 111. 1009. 199111κί958.
77, 17. 255. m195,110114,124, 155,510,522.
,7. 999, 1999. 11 997, 997, 1994 171 551. 17. 794,
7171777111149. 1919 7. 99, 79, 919, 949, 499, 419,
argtum, 717114 499, 999, 799, 999, 1997, 1999, 1880.
, 71999. 71. 1155. 1994, 1552, 799971 52, 201, 999.
91177 11197011, 7. 547. 560, 565, 600, 687, 745, 851. 857,
7, 71 1949. 999, 997, 994, 999, 979, 999 putri-m,
1111911709, 71507. 11641. matrem, v. 1401. -

neum, 7. 1910. temtum, 1719799,997,799917.919
, 77177. i. 555. 71771 991. 7771717, 479 7. 79, 105, 149, 994, 999, 999,
1· 5⁴5,15⁴5. 71 999, 999. om, 11999.
r, 111 ³13· 7717711949771777119799911999.
1. 879. , orbes, ii. 1074.

77, 7177971971. mm, 1. 9, 91, 979941, 749, 980. 869.
77777777, 711199. 999. 11149, 919, 919, 999, 479, 999,
7, 1 997. · 719, 797, 999, 1914, 1997. 17. 999,
,17179 419, 491. 7. 99, 119, 919, 999. 948.
77, 71999 999, 994, 949, 999, 994, 997, 681.
77, 71997. . 999, 779, 909, 979, 7997. 71 888.
μη mmmmffimffi

 

