INDEX VOCABULORUM. 67

0011006101141.
00100110011808.

0011,11,1,11,11,111,11011111, 0001001101.

001, 1011100111. 101. v. 01, 111, 0011101111 11, 111.

111, 101, 111, 111, 101, 111, 111, 0000011111.

111,110,101,011,1011,1111,1110, 0000011110.

1111 11 01, 00, 111,111,111,111, matun, 11111. ·

111, 110, 1101, 1100, 1110, 1111 00100001, 1485, 1310
. nm 1111. 011010, 1 1011 11 00000101010111111

1011. 1011, 1 1001. mm, 11011 000010,1111.ν1.111,111,111

11111.001010,11011.1111.1001010, 001100111111.

11011, 100111 1000 ..111,111. vi. 00000010,1010.

1111111 1000,111101.11 111. 181111181811119811019.

nvem, iv. 172 κῶμαι, iv. 109, eogi,'11019..11.13

miv, 419, 00001100,111,100111110,110.11
mli 1831111110, 1. 987.11. 661. v. 1015. 52315601 GN), 7⁶⁶· ¹· ⁶533 82⁹1 1¹⁶⁶·
«1110011110011 101011110101 1181. 118. 1718887118. 887. 888.
0010,110,111,111,111.111111.111 881888·

11111111, 111. v. 374, 111, 111, 110111111781.788.

111, 011. 11110,111,111,101,111, 1101111111· 151. 8118 111 1111νί 10⁵1·

410,111,111,110,101,111 ..11,11. 011010, 0101. 111 101. v. 1, 111. 010111.

133. 111, 1001. iv. 011. v. 1011, 1111
0010001, 1111. v. 111, 101, 1101. 11 0000100, 1 111. v. 1101.

41441, 156. 00100111,νίὅό3.
0111111001. cognoscant, ii. 111.

mlum, 1. 1,10, 110100, 1011. 11111, 1031001 110
111, 1011, 1011. iv. 101, 111, 110, ..31000110111111111111111
411, 100, 111. v. 09, 10,,110, 111, 401, 111. 111. 110, 1011. iv. 01, 040,

110,111,111,.111, 111, 111, 111, 111..ν.111,000,1011,1111,111111
101, 111, 111, 111, 1100, 1110. 11 111,111,111,1111.
· 111, 101, 110, 100, 100111, 111, cognomina, 11111.
1011, 1000, 1101, 1111,1111,1111. cognom, 1111.
celumque, 1726. ii. 728, 1055. 11203, eognovimus, v. 1411.
111.1.10,51111601,111. 0001101111. 1431.
modii. 77. cogor, i. 372 ‚
00001011, vi. 176. cogunt, ii. 73, 430, 868. iii. 60. v. 1086.
mm, 11 111. v. 101, 111, 1101, 1111. 11 101111.
011001, v. 11 , 0001010001.. 1111111.
...1010011111001110111101 00000101,11011.11111
000101111111111. . coherent, 1011.
0000, ii. 110. 111. 14. 11011. 1111, cohaeret, ii. 11011001
1013. vi. 1118. ⁸ cohibent, ii. 1030.
0001001, iv. 111. 0011011111. 11 171. iii. 441111 u'.
0000011101. 111541 101.
capta, 1. 268. 0011001101, iii. 444.
coptum, ἰ. 419. 0001000111, ii1. 445.
0011110, 111111. cohibet, 1 111, 111. 11 111.
001100011111,111.11111 0010011. v. 451, 433.
0001, 1 111, 1011, 1011. 11 111 011010, 11 1140.
00010, ii. 10011101 . 0100011111.
ωο101111,1011.11111.1111. 0010111111.

 

