:mnnx VOCABULORUM. 66

9911119, 111. 664 7. 696, 796. 71. 616 666, 51919, 11619.
555, 919 numu, 7.1955,1495.
albius 11067. ii. 461. 5991191, 7. 1069. 5991191 711, 17. 666. st·
061119164611664867. 1119167. 5191,767.11615191191711,711990.59-
666. 71. 666, 666, 866, 946.

(11191119,17.468.7.649.71969,460,476, 599919,1666.11967.111999.7.1161.
71696.
operetur, v. 997.
5191979, 7194.
5991191, 11 970, 1006.
apin, 11555, 955.
519111, 1684.
91919917, 19403 17. 16.
51197,1464,496,1090.ἰ1616.111199,9191991991469.
966, 947, 968, 970, 964, 967, 989.·17. 59915691ἶ 7.1410.
999, 979. v. 549, 571, 994. ιι 955, apis, ιι 959
579, 579, 995, 991. capit, vt 1997.
ulons» 175. 71591, 559 515, 541,545, capite, ιιι 515, 79917. 474 v. 155, 599
9591197. 71549.
«laem, 1. 766, 607. ii. 667. 71. 714, 919111, 199617. 4. ¹
647. 1991111, nom. iv. 691. 7. 1167. 71 764,
almis, ιιι 1995 557. 1999.
51591, 11 49 1111915.ιν.5997.495 cupitum, ιι 55911514.
eupit, ῑὶ. 669. v. 609, 1679. vi. ⁷12 mpiwr, 1 69. ii. 660. iv. 666.
ampo, ιι 559. v. 959. ’ 919199111994.17.549.7.1499
9191997979, 11694, cupiuntur, iv. 649.
5191997, 1974. 11 6, 6, 696. 17. 461. 71. capripedes, 17. 684.
766. capris, 17. 646.
9191999999,1.19.7.489,769, 1674. 71 51911116.
aptat, iv. 1069.
59911, 17. 1016. 7. 969, 1966.
51911191,17.1140.

. 51991591,11.1176. ·
515555,ι.959.ι177917.541.71147. apua 155. ιι. 595. ιιι. 119, 159, 145,
audenti, ι1755. v. 7911711195. 595, 554, 979, 1954 7755971994,
unde-cit, 1491, 549, 755, 1997, 1591 71 5ο, 951,555,
maida, ii. 761, 799. 1777, 1909. 71. 1146.

.91. 51997 69711, 71. 799.
5451115515557. 51991991711111, 11. 1166.
519957,1ι599 - crepitum, 71106.
candore, ii. 764. 17.-966. 7. 966. carbonum, 71609.
51999711, 7186. 517557, 111. 1099.
5199911191,17.689.7.1684. monibus. ii. 964.
5995791967. 597515, it 4.
anes, 7197711496. 17. 709, 966,1196. 51751711,ι.574

mentibus, ii. 989.
5915971119,17.69.
m, 15199999

911197, 11766.

 

