159

01110,11111.11.1141,1111.
1111111,11. 679. 111. 49. 11. 599,1959.
11111111, 111. 65.
111111111.554.1.508.11.999.
1011111111 nupti. v. 1459.

turrim 00111010, v. 1101.

111111, 11. 1187.

tumn: sing. 1. 857, 861.

1111011,11’111. 1. 859, 865.
1010111111, 1. 954.

1011610111 00111011, 11. 1149.
manteau, 11. 111.

· Tyndaridem, i. 465.
7106111601. 474.

1101110111. 1011.

11011111 1001, 1011.

11001, 111059.

1110111101, 111. 505. 11. 1117. 1. 1095. 11.

11011110110011, 11. 574.

1101111011, 111478.

110111111011111, 1. 1955.

1111111101 11110111, 1806.

11011101111069.

1101111 aum 101111 adhibe, 1. 45.

1101111111, 111099.

110111. 1111111568. -

nouum, ...111. 1101, 101, 110110,
111. 11. 110111. vt 1011, 1011,
1059101001. 59411. 909, 996. 11.
858.

11011010 penus, ii. 45. ·

1111, 1101. 1011, 11101.

11111ωο1111, 11. 1116.

1111101111, 11. 89, 104, 108. 111. 444111.
795.

vagae, iii. 698. 11. 196.

vagari, i. 1060. 11. 41. 11. 50, 180, 798.

111111111111000, 11. 81111011, 111. 1066.

W» '⁸22 ι

INDEX VOCABULORUM.

nge. 081 1118711
111011118101101, 11. 151.
mgis, 1. 946.

vagitibus 11111, 11. 579.
vagitu lumbri, 1. 997.
vagitum 50111, 11. 654.
vagor, ii. 671
111011100101, 11. 611.
vagus, 11. 1064.
11101111, 1604.

1110101, 1651.

ἡ 11101001, 1941. 11. 17.

11101, 11. 1045.

ulamau, iii. 105.

11111101, 1. 501. ’

validum, 11. 997.

1111101101, 11. 591.

1111111 0011111111, 1. 97.

11111, 11. 549.

11110 eburno, 11. 558.

vanum, 1. 699. 111005.

110111 01101, ’1 1067.

11110101 1110111. 149111. 954 11. 69,
901. 1. 584, 8101011111. 18571. m
959.

111101101, 1. 11501

1111010, ’1499 111 954, 455.1.595,5Μ,
1101, 1261. vi. 870, 903. muti, 7.
540. solis, i. 1051. 1. 796. 11. 955.

1111010101664. 111. 916, 840. 11. 54 v·
568. 11. 868, 948, 986.

11110101, 1. 568. 11. 159. 1. 957. 1094

1111011, 11. 858.

vaporis, 11 845. 111. 197, 806. 1. 491. 18
919, 849. 00111011,11. 869. 0101001110,
11511. 10101111, 11. 970, m, 885.

vapulet, 11. 967.

1110, 11. 876.

mia, 1590.

11111111, 11. 994.

1111001, 11. 758 11. 659.

11111010101111011, 1. 79.

1111101οι nctus, 11. 815. formu, 1. 791.

1111110111 1011110, 1. 654. 111. 519.

1111106001 1010111, 1. 893.

1111110111 mvi, i, 775.

varim, 11 1111, 111, 400, 101. 111 111
11. 661.

1111111, 111111. 11. 855.

11111111, 11. 949.

 

