· 10⁰ 1771110047111071111.

1111111, 1. 551.
labascit, 1771.
lab-tur, 1. 756.
laborum, 111. 599. 11. 1907.
labefactant, 11. 771.
1767111116, 11. 457.
1707177171, 1. 777.
1791110107, 1. 659.
11611111, 11. 1075.
11177111, 11. 1144.
17670117707. ·

’ - 171771770771777.

1111711171, 1. 1055.

labentia, 1. 9, 1ω3. 11. 569. 71215.
17777711, 17. 1777.

lobi, 7. 998.

labier, iv. 447. 7. 476.

17171177, 17. 1117. 7. 710, 717.
1117019111, 1849615115.

luto, 1. 969. 7. 619.

lacteus humor, 1. 959.

17777, 1777. 11770 7. 7111777771 1
598.

lucum, 11. 1090.

lunanum, 1. 1960.

lucunas, 1116. 111. 1044. 71. 557, 551.

771717 17777717, 7. 777. ’

locus, sing. 71. 746, 747. plur. ii. 5457.
77, 474, 1771. 71 777.

ludebant, 7. 999.

ledere, 11499. 11. 556, 799, 795, 1075.
1. 1019.

ledit, 11. 45711. 556.1. 1496.

17611117, 111. 149, 150.

ledum, iii. 545.

17777,7177.111707.17. 1777 7177777177.
17.1177.7.1011. 7117 771771, 114,
777 11. 717, 774, 777, 774, 1177 a·

17177777, 111. 177, 777. 17. 10777. 1477. husu, 11747, 774, 707, 777 7717
labore, 1. 714. 11. ⁷29,1159, 1177 111 717717,111177.7.1771.
77,117,47717.777,11147.714,17777777,1111017 - ’

777. 71 1747. munte, 11 17

masmim

17677777,.114711.7111777,471,1017. mmmm

7. 1171, 1717, 17711771.
laborent, 111. 506, 750.

111170, 11. 599. 1.,1406.
labrorum, i. 959. 17. 15, 554.
1111107711. 1169.

17071, 111. 404.

1107111111, iii. 1006. 11. 699.
11011711, 17. 649.

11001711, 111. 900.

11071710, 1101711409.
lacerent, iii. 895.

11071117, 17. 697.

17011111, 71. 596.

lacessant, 11. 916, 601. 11.-995.
lacuit, 17. 691, 1055.

« 1711117111. 110.

17116701, 1. 194.
1771111111 151.

latitia, 111 117, 147.
17111111, 174.

lm, 17. 774, 710, 747
lova, 11. 977.

11771111, 111. 649.

1711770170οη, 71958.
levit, 11. 496. 11. 6261. 1551, 1579.

17771717,11407,411,471,477,477,477,
470. 111 177, 707, 747. v. 477. 71. 777,
555.

lavis, ii. 47117. 477.

minim· corpora, iv. 665.

lavo, 11. 509.

lavor, iv. 154, 547.

levore, ii. 495. 17. 547.

1171111, iv. 509.

laconum, ii. 15611. 546, 695, 755, 755, 1111111117, 1. 1066.

757, 769.
lacrumas, 11. 1170.
hemmam, 11. 490

lamentetur, 111. 965.
1117177111, 1. 967.
lamina, 111. 1050.

lacrum, 1. 99, 199111. 9671. 1196. lampada 11171, 11. 76. mundi, 1. 405.
lacrumis, 1. 919. 11. 976. 111. 470. 71. 1946. 1171016711311117111, 11. 95.

lactant, 177871. 1067.
lactantia, v. 685. ’

lampade, 1. 609. 11. 1196.
1111111111, 17. 1156.

 

