INDEX VOCABULORUM.

flu. 7. 1597. 7199.

Mun, 71167. 1. 999. 17. 5.

1111666 mele, ii. 419.

111666166616,1.955.17.9.1116116,1.946.
17. 99.

fluum sylvam, 17. 595.

lituum, 1994.

nm, 7. 949.

1167161161 6111677, 71. 1177.

1111116, 195. 11. 695. 17. 1157. 7. 1087.

umilitate, 11. 951.

16616 mdo, ii. 549. 7. 1058

munt, 1676, 667, 766. v. 1666.

mm, ii. 77.

numo, 1777. 667, 767. ii. 176, 667. 111
164, 74817. 157, 461. 7. 170, 588.

mmmm

md, 11. 1091.

mutarique, 1689.

murier, 1. 809.

mut-pecudes, 11. 1081.

m, 17. 776.

1117161, 11. 806. 7. 896, 855.

nunu, cing. iii. 768 plur. i. 910, 1095.

numi«, 116711. 919 17. 947.

11161116, 66661801111755.

numque, i. 678, 687.

υωωηηω6ωῆω
585.

namur, 11. 748, 798111. 756. 7. 975.

11616161, it 769.

numus. 71. 1159.

mwmm

num, 1. 779.

1161116, sing. 17. 509, 1194. 7. 95161117.
111. 546. 17. 1199. ado. 17. 945. 7. 859,
1099. 71. 1189. ’

mutua 7176111, 1179. ·

1111111ιί6661, iii. 809.

numus, 17. 1909.

N

mmmm

06616, 17. 1945.

16111 oculi, 111. 479.

nardi florum, 11. 847.

utra, 1. 500. 11. 415. 111. 651. 16497, 677,
691. 71. 778,799,1191.

wem, 111. 550.

m

mribun, 1406. iz 510, 847, 85017990.
7. 99, 1076. 71. 765, 1901.

116716,17.1997,1949.

nascendum, 111. 618.

nascentes, 17. 58.

menum, 1. 114111. 671.

nuci, i. 161. 11. 1011.

nascimur, 111. 986,

6676061117,17.498.

11671 primoris, 71. 1191.

11616, 66161773. 1. 114. 11. 456, 799 111.
709. 17. 775. plur. i. 545. 11. 759. 17.
mmmm

116116, 66) plur. 7. 71.

1161611 die, 111. 711.

mmwz

nat-mu, 11 546, 554 v. 466 71. 464,
1140.

1161616, 71. 966.

nati, 66511. plur. iii. 908.

116116, 17. 1949.

1161176, plur. i. 755. 7. 944, 577.

nativo, ii. 549, 1087. 111. 61, 959, 949.-
7145.

11611766 mimos, 111. 418.

nativum, 7. 67, 599.

1161676111, 16111.71.15.

natos, 6666. 71. 1956.

natum, 66].1. 665. 17. 859, 855, 848. 7.
911.

mmssffimstfflfflmwa
mmmmmmm
mmmmmmffi
mmmmmmm
615, 695, 850, 798, 849, 916, 961,
1661, 1666, 16161667, 16761166,
mmmmmmm
400, 585, 645, 757, 817, 878, 944,
10501057, 1071, 1089, 11901149.
111. 95, 99, 55, 151, 168, 186, 199,
mmmmmmm
mmmmmmm
766, 716, 766, 661, 666, 646, 666,
MMhmmmmw.
mmmmmmm
646,1661,1161, 1646. 46676166,
155, 149, 187, 907, 919, 996, 940,
mmmwfflfflmm
mmmmmmm
1980, 1987, 1555, 1561. 7150, 918,
825, 334· 5971 ⁶⁴⁶2 ⁶⁸32 739, 7ss

 

