68

museto, 111. 844.1. 178.

antehac, 1548. 1. 889.

anteire, iv. 148.

99119911, 11. 554.

9911911111, 1. 668.

1181111, ι. 11, 1919.

9911111119, 1. 87. 11. 61, 871.

99611111, 11. 889.

antiquius, 11. 847.

antiquo, 11810

9911199119 1189.

adnm, 1. 88.

min, vi. 11.

,1111111111991111188

9191119, 1. 874.

apen, 11 191. 11111.

operum, v. 486.

91111111,11.489,6ω. 111048.

9111119, odo. 11. 140.

sparti& 1 914. 11. 58, 809. 1. 810,
1061.

qm 1111111, 1 991. 11. 191, 1191.
1818111808. 19111199,1.778.111911,11.
698.

111 11111191. 199.

sputum, 11. 878.

ape, 111. 11. 11. 688.

91119911 449 11. 1868.

9111119111, ii. 855.

1111991119, 11. 489.

8111191191, 111. 85. 11. 97.

9111191111, i. 878 11. 485.

apum, 11119 11 11, 9191111111

11119, 9111. 11. 478, 588. 1. 889, 1487. plu.
. 1111111111191,1111811199,

817181, 1191111. 776.

191111, 111 881, 8881. 804.
aptum, 1. 988.

911111, 11. 681.
³

.1N1)1·:x VOCABULORUM·

11111, 1588. 111 190. 11. 98, 814. 1.·1441
11888.

aqua, 1. mvi. 851, 658.11991α,11.
191. 111119 11 9911111111, 11 m

’ 99119999, 11. 418. rivum. 11801. 1898.
heum. 11661.

111111, ἰ. 888. ii. 668 11. 888. 1. 885, 801.
11. 800, 878, 890, 1070 donum. 1.
8811199191,1.808.111..488. 11. 888,
11191111,1111.1111ςα,111199
splendor, 11. 818. 1199111199, 1. 944. w
1111111, 11. 498. corpu, 11 884. 888.

111111191911191111149499911,
1911119.

aqum, 11, 844. 11 1101. 1199191, 1
849119911ηῆ v. 864. 11. 6419. mim.

, 11 191, 119, 119. duramen. 11199,

1911, 1911 liquor, 11999

11111, 1191911 1119111191

Aquilonia, 1. 688.

Aquilonum, 1. 741. 11 780.

Anaia, 11890.

mque, 11417.

mm, 185.

nrm, 11. 781.

mei, 11991

mmm, 1. 1181.

9111,1.90,96.11858.11.1880. 1. 76,
11981800.

mter. ii. 1188.

mni, 1111. ι. 919, 911. 11 1911.

abitrium, ii. 281. Ι

arbor, 111. 785. 1. 189, 1098. 11 676.

ubam, 1. 111, 114, 919, 191, 1999 ι.
784, 984, 1888. 11. 788.

abacia, ii. 19 ms. 1991, 1191 11111.

usbon, 1774. 11. 786.

amu, 1188. 858, 808, 808, 881, 905.
1119111119919 vi. 119 lm, 11

³43.
1199111191, 1. 184. 11. 189. 1. 919. leh,
ii. 594, 698, 996.
9181111111877.
1111911 1. 989, 988.
Audit, v. 88.
Arcadius, 1. 85.
mem, 1.1107.
810871, 1. 184.
11911, 1968111. 749.
tm, 1. 171. 11. 466.

mm 11111

 

