INDEX VOCABULORUM. 19

mou, ³913. ¹159. 6 19, 649. 99. 969 449, 664. 99. 999. 999, 969, 699, 64

9199911166. 9. 579. 9. 545. 91. 954, 949, 119.

mm, 99. 699. 9 999191. 46. 999699, 99 999, 994, 909, 909, 999, 99
nm 999999, 9. 664, 694 966. 111. 669, 666, 669, 696, 696, 66
9969999999,99, 9949. 646, 664, 9966. iv. 969, 969, 966, 46
mmmmm. 664. vi. 966.

mmmm 9999699969, 111. 996.

nume, ii. 75111. 447. 19. 515. sentiscere, iv. 590.

munt 9690, 1. 598. unfit, 11. 811. 111. 855. 9. 1059.

mex 9699996, 111. 614. sepelire, vi. 1245. 9919969911. 570.
99999969 966. sepem. 991.

muli, 99. 999. 9999999969

semibus, ἰ 699, 694, 999. 11699, 499, sepsit. 9. 499, 499.

496, 664 61 669, 696, 669, 696. iv. 99999, sing. vi. 9946. 9999. 1666. 919

465, 466, 469, 466, 699, 694, 996, 19, domorum, i. 490. 91929,659. 9969

150, 566, 1155. 19. 615, 705.
ex 999 sensibus, 11 929. sepulcmm, 9. 260.
sensifer motus, iii. 275. 1900119,111ug.vi. 1269.
6696119919999111996, 111. 957. sepulti, plur. 6999999, 9. 975.
unitam, iii. 946, 696. motu, 111 949, 99691696 964. 99. 999.

690, 6699199969,99161.91.1276. ·
999999ιρ9 661699, 994, 901. sequaces cum, 11. 49. 9699999696
mmmmm. sequantur,11091.111.919.
6949.419996,1.497.111.844.1969669199999,19. 66999691979. 11. 989.

964 sequatur. 1999. 991. 11 966, 969. .
99969, ἰ 99. 919. vi. 96, 666, 696, 1009, 1919
9999, 11 19, 699, 669, 996, 914. 999, sequentem, 99. 666.

969 61 999, 114, 669, 666, 666, 699, sequenti, iv. 199.

696, 99. 469, 466. 9. 996, 946, 9969. sequentur. 111 9111· ,

91999999, m, 19, 197. sequetur. 1. 469. 11. 491. 111. 665
umnam, ii. 931. 66999119. 566, 515. 91. 1041. ·
mum, 11. 469, 999, 999, 919, 996. iii. sequimur. i· 1⁵⁷· ,

69, 10⁵. 999. 966666, 696, 664, 935, sequitur, ἰ 99. 111 449, 699, 949. 99. 99

969, 999, 999. 99. 966, 669, 696, 999, v· ⁷40. ⁷⁴⁶· 91 186189. 101ὅ·

699, 694, 966. 9. 9999. 9999. 999. 99 ι4990611193·(116900915511

469. sequuntur, iii. 415, 480· iv· 911.³4
temus, sing. 1. 494, 461. 11. 455, 905, 989. 9. 745, 1114. 91. 808.

, 996. 999669, 669, 666, 646. 99. 464, 999969999919999. v· 12⁸⁹·

919, 925, 947. 91. 468. plur. 1. 504, serena, 9199. vi· 91111110· 118· '- ¹¹⁸

⁴48.601.994, 997,751.991. 11. 158, wli, 11· 1099· ,

496, 499, 499, 469, 446, 469, 699, serenum. iv. 1³⁵· 91091911 ¹⁰⁹³·

889, 899, 910, 999, 951, 957, 949, serenus noctes, i. 143.

9450501005111504, 540, 610. 19. sereno, 99999. vultu, iii. 999 9961911· 2]

111, 469, 469, 499, 915,995,930, vi. 949.

708, 719, 797, 855. 9. 579, 1086, 699690691019969,11. 149.

1414. 91 984. animi, iii. 577. meunt 996966, 1. 307·
sententia, 111572, 449. 19. 565. 9. 691. seris, 11. 1161.

999699, iii. 9996. 99. 696. 9. 999. ..99996699
99996999, ii. 491. 9. 996. ’ 9999969. 9696969699619541·
sentimus. ii. 946, 999. 119669, 666, 699, mone,v.199,150.

 

