INDEX VOCABULORUM.

1111111161131111611
mmmmm&

mffizmmwm

11, 1.,16, 160, 22), 669, 729, 866, 1077.

166

vigennam 111111
1131111, nuos, 1111, 1166

11311111. 1111. 1161, 1997.
1311161161. 1. 1066.

1111111111, 161. 161, m, 1111 vignau, 1151
649966. 11129,160, 644, 186, 896. 63111161111111111111161.

11. 111. 111. 111, 1611111111,
1111, 11111111.1116,111,116,111,

617, 5⁴0. 764, 766, 1280.

vigilamus, 11. 766.
11311161 1111111, 111. 1061.
1131111116 animo, 1. 1169.

16, 111. 76611. 1966.1.106,276.11.668, vigilantes, 11. 977.

&gamma 611.
111.·1161,666,1ο1611.116.11ι111.11.

vigilamus, i. 16611. 671. 1404
11311116, 1. 14611. 467, 1176.

1131111 11. 762.

111. v. 111, lm prim 1. 1611 11311611111161661.

111611, 1. 768.

1111, 11. 1991. oris, iv. 666. 61111111, 11.

1611,1.82.11.129.111.1042.1. 621, 712. 616.

611199146196911111116.
vhm. 1667. 11626. 1. 1211611661,

111111611161 1078.
11111111,111.1076.

96.11111,1.616.11..417 flam, 111. 11111,1.267.114971206.1.416,1062.

.666.6111111,11.616.ο161, iv. 91.

*Ά167411406 72611. 664, 946,
6741.442,1448.11.626,986,1048,
1168,1266. 1611, 11. 9166601616111, 11.
646, 662

16111111 1111361,111. 657

ι11111116711111. 89711468, 1017.

viduum, 11. 961. -

vide, 11. 1206.

11611, 1111311605. 1. 1970 plur. 1. 866. 1.
110, 11111.

victe, plur. 1. 1081.

111161,ἰ.76.

11111111, 1. 80.

116161, 1.1049,1620.

victu, 11.111,1111,1111.1. 1081.

116611, um. 1. 599. 11611616, 1161.
11. 9.

viem 04721. 161, m 111 16161111

videbunt, 1. 1455.

videmur, 11. 966.

1161111111. 606.

11611ωω,11191.

1161111111,ι 11. 669, 1041311.458.1.6601

11160446, 819, 916 ,9669991316
111111,11.966.
11111,1.691.1ἰ.960.

11161111 6661613111, 11. 497

1
11111111,11..954,966.111.961.11..486.1
76411. 716.
11116111) avo, 1. 607.
1111111, 11. 666, 916, 1069.
vinclis, iv. 1196. 1. 874, 1611.
vinclum, 111 596.
1116616111. 747.

vincta, plur. v. 840.

vinctos, 11. 1900.

vincul· 1111161611, 111. 86.

vincunt, i. 487.

vineta, ii. 1156111471.

vini, iii. 476. 11. 964, 606.

vinxit, iv. 1196.

1161111, 11. 165, 465, 606. 1. 1019.
1161111, 11. 70.

violarint, ii. 614.

116111,111. 91.1. 1164.

violenta 111, 111. 297. 1. 962.
violenti, ii. 691. 11. 11091. 1226.
violentia, 111. 481, 741.

1161111111, 1. 604, 1269

 

