50

11111, 11.174.11. 656.
1111,51111.11.1145.
dnm, 11. 199, 057.
1111, 115801

11111, 11. 406.
11115111, 11. 515.
1111511111, 1616.
,111111111111111
minet, iii. 86411. 64.
mingere, 111666.

11150111,1.686.11.964.

1110115111. 614.

mritis, 11159.

11111...151,111111..1551111155
1.555,1115.

11151115,111.666.

1115111,11650.11.80

metu, 11. 481. mirando, 1. 1170

auem, 11 1115 v. 5111111. 11151,
m

1115111111, adj. ii. 974.

1010111155.51111.11.748.1161111.11.985.

mm, 1111

11111151, 11. 1010.

1111111151, 11. 1065.

1111111, 1. 67.

111111, 1. m

1111111111, 11. 579.

1511111, 1 155. 11. 151, 511

adim 11. 816.

tuditis, 11511. 1. 1166.

1111111111, 11. 567. .

1111111111, 56111. 668.

ualere, 11. 640.

111111, 1. 614.

INDEX 155155151511.

11111151, 11616. 111. 1095, 1066. 11. m
11151115, 111. 659.

11111111, 11. 1196. 11. 5601

mo, iii. 5.

Ama-,11 155, 115, 1111

Averni, 11. 746, 660.

uerit, ί. 1040. 1. 414.

am, 1511111851. 5511119101
1111, 11.. 665.

1111111111.66,1.,1.6]5764.11.065.

ought, 1. 469.
15115161. 437.
1113151111, 1. 61. 11. 476.
sugendis, 1. 165.

aguntque, ii. 1166. ἱ
1113115111, 11.1106.1.651.11.615.

augeant, ii. 76, 677. 1. 664.

mad, 1. 930,93518591 iv. ⁶45· '02¹⁸
258, 5115 11. 5⁴1, 9⁴6.

ωμω,111111111511.155511
551, 511.

augmina, 11. 186. 1. 680

augmine, 146511. 76, 1156.

1111, 1. 69611. 144,646.1. 1685.

11111511, 1965. 11. 1.

nibus, 165111. 741.

11111151, 1. 606.

avae, iv. 1151.

1111111111111154

111115, 11. 1065. 1. 471.

avidos, 167.

avidum, 1. 105011. 596.

1111, 11. 1618.

nium, 111111.111517.1151551,11115111
1. 1678.

11151161,669,769.111.464.1111411·
6555, 11111111

Aulide, 185.

115111, 11. 1411. 616.

1151151, 1. 614.

115111111,11. 1611.

11111,1.11,856. 111.197,656,691.111
6551175.

11111 micis, 1 669.

. mmmmm

 

