INDEX CRITICUS.

metm 11959.
7071777951719,ὴ575.7.51,774
-77767771971859
-7771117117 7908.
wammam.
7717777777111976.
71779777917779,11.598.
mummi.
*nimium
7177775777νί7, 71918.
elidoeiinidosttsm.
177177777177ω1777,111.901.
Empedoclen,

17η-11545.17.56.
1777777777,111.1104.
77777771777777,1.991.
97177777771919.
Ennius,

71

77777, 7 7979, 7997. 77 777, 797777
7999 77. 597. 77 7777. 77717777

77797 91 7777171577777 nique rariorem ⁰⁰⁸1
777771177771777, 11155,195.111.99,
79, 797, 599, 979 77. 757797, 559,
759, 795, 7975, 7977, 7977, 7997,
7777, 7779.. 7. 79, 799, 577, 979,
7979, 7557, 1390 7719,97,777,797,
579, 7795. et 777177 minima

-77 7777777577, 7777, 979, 993. 77
779, 779, 595, 559, 979, 7977 777797.
77. 79, 779, 797, 7775 7. 55, 777, 799.
71. 156, 788. 77 711771 puin.

' ·-— 77 9971777117 79915777, 77 committi

,3100 7. 7957 77 799, 597, 997. 777.
979, 799, 977. 77. 797, 7999 7. 19.
99, 795, 797, 97977 59, 777, 759,
577, 599, 999. 77 71797 api-ime.

795, 95, 779, 777, 757, 775, 799597, -77 77777777 777777, 7 799 777199.
103, 957, 79957779, 797, 799777 apum. ,

. 11, 999, 574,,1048. 17. 75, 759, 574, -77 7777777777 7777777177 771 7177711777
599, 965. 7. 977, 599, 974, 997,1199, 797777, 77 syllabarum, 1 855, 909, 955.

1441 1718.
eodem pro 9977771777, 1. 854.
iopen 71 qum, 11. 1105.

797 77 7795, 17. 486.
mgni 77 imagin, 17. 555.
m 71 iri, 1411.
9717879977.

977,-7. 113.
epignmma Granum in Vitruvio, viii. 5.

7. 411.
nimine 7771777777, 7. 655.
epistol· nd Hebrum,

xli. 99, 95.-17. 1180·
equidem pro quidem, iii. 1091.
epitome 11177197,

775, 777,-77 95.

549.-111. 659.
erigit 77 exerit, 1. 85.
ambs, 81111715, 111. 997.

{pm 71777777, 111. 491.
mor es 9771779, 771 addito, 111. i‘1 956. 111.

11. 19, 156, 685, 1146111. 312, 58³,
1015, 1019. 17. 651, 889. 7. 9, 569,
mmmmmmm
97 717171 persepe.

— 77 7177777717 77117117, 11. 479, 595,
1085, 1145. 71. 989, 550, 659, 685,
797, 979. 7771777 sepe.

- 77 distractis 79715777, 11. 791. 7. 844,
957, 7559, 7779. 77. 599, 579, 555,
aiibi.

-- 77 7771771977 1177777777, 971 syllaba,
qm reliquerit 7777777 probam dictionem,
1. 551. 11. 518, 1045, 1109. 111. 50, 586,
757, 797, 997, 7977, 7957, 7999, 7999,
1100. 17. 544, 1196. v. 9791195. 71.
779, 599, 979, 7799, 7779.

-77 97717711 7771776 9777717 1177771, 11.
579, 775. 777. 779, 997. 77. 577, 597
71.841,1094.

—- 77 literarum transpositione, 11. 976,
995, 7795, 1111. 777. 599 975, 795,

977, 997. 77. 97, 779, 779. v. 599. et 911, 908, 919. 909, 979. 77. 797, 797.

tlibi 7791551779.

—ex 9771779 77, 111. 499, 565. 17. 3101
1119. 7. 957. 71. 555, 565, 585, 687,
1099. et 511171 sepe.

-- 77 97771759 1, 17. 5. 71. 856.

——ez 797777777977 17771977 77 7177777-

197. lv. C

7. 7775, 7779. vi.110,1‘65, 597, 997,
958. et 711171 977779.
- 77 dictionum transpositione, ii. 184. Ι
111. 10116. 71. 1115, 1260. et tlibi.
— 77 maii solicitudine 91 7777177777, 11.

110. 717. 775, 7999, 7977 77. 977,

 

